61224
61223
61222
61221
61220
60553
60551
60243
60084
60083
60082
60081
60079
59175
59108
59107
58331
58321
58295
58264
58020
57214
56185
55011
54259
52422
52174
51061
49810
49809
49466
49465
49464
49333
49070
49066
48268
47305
46940
44876
44495
43866
43272
43271
41748
41747
41457
40053
39019
38755
38013
38012
38010
38009
38008
38007
36598
33752
33751
33105
29678
29273
28885
28545
28498
28497
28496
28495
28494
28492
28368
27422
27421
25978
25977
25503
25260
24209
23730
23606
23605
22824
22823
22654
22078
21939
21813
21578
20705
20436
19621
18952
16613
15678
15159
12848
7646
7003
5729
5435
2680
2674
2016
1814
1778